530
328
68
346
513
399
417
549
140
403
336
204
568
493
312
423
352
107
380
79
281
167
151
227
314
414
131
320
172
18
183
358
547
573
481
153
55
6
485
466
111
225
353
190
412
579
207
21
435
523
561
323
171
87
461
422
103
333
397
498
457
232
332
505
283
370
433
70
215
548
3
361
449
541
416
484
464
178
321
440
389
261
132
122
508
494
387
115
297
5
76
386
339
425
176
244
248
451
54
182
88
577
496
10
220
200
304
420
495
476
28
233
253
574
40
365
362
161
299
308
489
520
408
406
277
93
229
462
265
61
460
193
235
201
211
309
375
413
385
491
121
383
378
278
129
155
20
51
242
479
506
388
565
73
238
500
426
517
120
160
25
143
32
525
260
240
300
237
217
290
286
411
212
192
558
74
268
141
191
83
256
313
135
223
258
546
483
538
490
282
405
400
540
136
101
441
14
156
0
326
187
149
401
34
306
311
56
196
534
369
391
315
146
371
234
341
199
185
492
294
334
381
359
116
436
418
164
301
77
166
159
382
92
184
335
429
345
419
2
447
455
276
245
578
554
379
147
123
259
64
91
572
180
273
130
275
470
59
584
302
522
58
527
86
544
37
511
57
124
75
535
424
144
81
98
364
39
514
367
36
285
559
553
480
1
374
454
246
106
139
499
165
567
340
218
293
289
150
337
482
125
205
446
519
478
35
114
23
392
366
291
16
279
208
255
404
521
48
194
263
257
29
94
318
536
173
52
575
137
459
518
45
228
15
307
169
453
213
119
90
219
19
552
566
563
198
95
104
316
562
468
236
251
239
556
331
396
163
84
12
472
528
580
583
85
49
355
288
9
507
157
431
372
117
555
510
128
38
210
133
203
47
467
486
539
570
443
445
427
298
241
80
162
65
127
100
543
448
444
357
503
271
267
322
222
189
296
46
252
250
428
44
456
344
350
526
409
463
41
118
181
542
516
254
393
557
214
247
174
325
581
532
531
113
11
170
502
571
249
24
471
152
99
395
452
42
338
305
284
465
62
497
270
63
230
17
126
564
4
292
295
437
60
327
110
202
287
43
351
569
197
537
145
310
226
303
26
560
177
474
154
105
512
195
377
27
550
373
407
66
272
317
148
188
342
368
487
264
430
515
72
231
533
168
13
69
78
384
179
501
96
376
138
450
330
524
108
551
394
269
458
209
475
402